M: 10
K: 8
S: 83261
Ω%: 2
βi: 2534 2794 2967 2525 3159 2983 3267 2521 3231 3262 
τij: 
2 3 2 1 1 1 1 1 
1 2 1 2 2 2 1 2 
3 1 3 2 1 2 3 1 
3 2 2 2 3 2 2 2 
2 1 2 3 2 2 3 2 
2 3 3 2 2 3 2 3 
1 2 1 2 2 2 1 3 
3 1 1 2 2 1 3 3 
1 1 2 2 1 2 3 2 
2 2 3 2 2 3 1 2 
Cij: 
1119 1391 1389 915 1025 1220 1239 984 
1352 1319 913 975 1311 1139 1218 1007 
1112 927 1086 918 1069 1327 1096 1388 
1131 1240 994 1056 1326 1324 1329 1004 
1196 1225 1209 969 1370 1167 1293 929 
1036 1022 1341 1279 1218 1058 1289 1214 
1253 1099 1032 943 904 921 1104 1119 
1081 1008 1118 1088 1291 965 1251 1117 
909 1072 1145 1232 963 1176 1269 962 
1001 1279 964 1271 1391 1380 1109 1122 
Pij: 
3102 534 1866 2592 2432 806 399 2704 
1295 3329 2278 368 904 2382 569 3406 
2075 3420 3017 3094 3390 1494 3070 2993 
2347 1098 557 724 2346 903 1740 3078 
534 3289 2955 339 1282 911 1141 3393 
627 2366 1002 2643 1543 3161 2776 3173 
2728 406 3290 1430 2394 3203 1873 1330 
1183 691 417 775 3295 1321 903 1584 
812 1310 2162 430 339 2193 3359 2815 
3032 3431 2983 2105 2986 2929 2625 2560 
